4.392956
9.057344
3.774407
7.077273
7.553819
7.220923
2.675741
8.203681
4.653890
5.571551
2.406018
7.458235
9.182043
1.231269
2.338450
2.997925
6.333476
5.113132
2.732597
7.549425
2.917447
1.329600
6.132694
9.336131
6.193121
2.806482
9.149907
6.856166
6.170324
6.508713
7.413190
4.157292
4.402020
7.181097
4.964537
1.773461
1.805872
8.018281
5.885495
4.973327
6.539476
7.158574
6.430708
3.480789
1.462813
6.418073
1.454848
7.323649
4.224311
3.166295
5.409772
2.961394
6.492233
2.750999
2.697165
4.358074
6.369732
3.376965
7.654897
9.146611
1.524613
8.846950
4.958220
7.545030
4.060335
3.069887
4.721458
7.185492
7.663686
4.744804
1.074709
5.501511
4.058138
1.120579
5.502884
7.840297
6.298868
5.247169
6.723777
4.951079
4.929930
8.614032
1.390027
8.004822
3.549730
1.592730
1.393872
9.806360
5.801721
4.581378
9.056795
6.349132
1.331523
3.259957
9.984344
1.374920
2.737541
9.865688
1.869320
2.089602
